W = 0.58256245 0.41743755

T = 1184.20354423 2939.95658038

NO NOISE:
w = 0.36169585 0.63830415
T = 2526.20615193 3372.20958279